Perturbaton	 Ratio_StepLength(%)	 StepLength_R(cm)	 StepLegnth_L(cm)	 Ratio_StancePhase(%)	 StancePhase_R(%)	 StancePhase_L(%)	 Ratio_SwingPhase(%)	 SwingPhase_R(%)	 SwingPhase_L(%)	 Ratio_DoubleLimbS(%)	 doublelimbS_R(%)	 doublelimbS_L(%)	 Cadence(step/min)	 RTO-LTO(s)	 LTO-RTO(s)	 L swing duration(s)	 R double limb duration(s)	 R swing duration(s)	 L double limb duration(s)	 R stance duration(s)	 L stance duration(s)	 
0.000000	 4.867422	 504.534932	 479.398445	 0.159757	 62.630024	 62.520026	 -0.337184	 37.369976	 37.479974	 -0.210931	 25.150339	 25.153347	 47.948383	 0.619174	 0.629045	 0.469130	 0.150043	 0.465409	 0.164783	 0.783957	 0.782609	 
0.000000	 1.248502	 500.053647	 492.974356	 0.294098	 62.521467	 62.326028	 -0.574600	 37.478533	 37.673972	 -0.208957	 24.843643	 24.880703	 47.354812	 0.632083	 0.635000	 0.477500	 0.155000	 0.474583	 0.160417	 0.792500	 0.790000	 
0.000000	 -2.935029	 493.416403	 507.638943	 -0.568257	 62.663498	 63.008831	 0.877853	 37.336502	 36.991169	 0.240166	 25.729462	 25.641996	 46.986332	 0.632609	 0.641739	 0.471739	 0.161739	 0.476522	 0.165217	 0.800435	 0.803478	 
0.000000	 0.126197	 502.284710	 501.302755	 0.427715	 63.060746	 62.788786	 -0.747027	 36.939254	 37.211214	 -0.206663	 25.821205	 25.842224	 47.056790	 0.638750	 0.642083	 0.476250	 0.161667	 0.472917	 0.169167	 0.803913	 0.803750	 
0.000000	 -0.301625	 497.211443	 498.260746	 -0.257976	 62.481874	 62.639415	 0.403835	 37.518126	 37.360585	 0.064365	 25.131971	 25.106788	 47.342582	 0.633043	 0.634348	 0.473478	 0.159565	 0.475652	 0.158696	 0.792174	 0.793913	 
0.000000	 -4.690450	 492.393570	 515.413330	 -1.152290	 62.478131	 63.194240	 1.891344	 37.521869	 36.805760	 -0.105650	 25.637322	 25.637152	 46.698083	 0.637500	 0.649167	 0.473375	 0.163708	 0.482958	 0.166208	 0.802875	 0.812875	 
0.000000	 -2.295091	 504.194616	 515.405108	 0.319474	 62.792679	 62.585479	 -0.587206	 37.207321	 37.414521	 -0.159822	 25.440774	 25.449640	 46.031600	 0.649174	 0.652130	 0.486957	 0.162652	 0.483435	 0.168696	 0.818739	 0.814783	 
0.000000	 -1.341473	 501.535094	 507.067048	 -0.024178	 62.722804	 62.718807	 0.018811	 37.277196	 37.281193	 -0.160225	 25.245853	 25.268388	 46.482217	 0.644348	 0.649565	 0.483913	 0.160000	 0.482609	 0.166957	 0.810000	 0.809565	 
25.000000	 1.573712	 510.185234	 501.206234	 1.004815	 62.687438	 61.915200	 -1.723096	 37.312562	 38.084800	 0.049387	 24.766798	 24.746766	 46.583589	 0.642273	 0.643043	 0.489545	 0.153913	 0.479130	 0.163913	 0.807727	 0.796957	 
25.000000	 3.503562	 515.215696	 496.287951	 1.438810	 62.456850	 61.555062	 -2.416492	 37.543150	 38.444938	 -0.512559	 24.012994	 24.080092	 46.692683	 0.640375	 0.642652	 0.494125	 0.146250	 0.481667	 0.161348	 0.802917	 0.791292	 
25.000000	 1.201491	 509.942303	 503.057929	 -0.602491	 61.237704	 61.602408	 0.922981	 38.762296	 38.397592	 0.235262	 22.875771	 22.801040	 46.535301	 0.635217	 0.653478	 0.494783	 0.140435	 0.500000	 0.153478	 0.790000	 0.793913	 
25.000000	 3.465455	 514.890600	 498.016389	 -0.546308	 61.302915	 61.655386	 0.829857	 38.697085	 38.344614	 -0.481971	 22.728463	 22.820367	 47.078266	 0.636522	 0.641739	 0.491739	 0.143913	 0.493913	 0.147826	 0.781739	 0.785652	 
25.000000	 1.107027	 510.731486	 504.061892	 -0.077068	 61.383818	 61.315600	 0.054713	 38.616182	 38.684400	 0.150701	 22.858512	 22.773887	 46.397508	 0.640833	 0.650000	 0.498333	 0.143333	 0.499167	 0.150833	 0.794167	 0.793333	 
25.000000	 6.625420	 521.734368	 488.130386	 -0.291503	 61.219033	 61.375503	 0.380967	 38.780967	 38.624497	 -0.255301	 22.421151	 22.454948	 47.293457	 0.636522	 0.636522	 0.491304	 0.144348	 0.495217	 0.141304	 0.776087	 0.780870	 
25.000000	 7.477567	 530.047598	 490.361063	 -0.789425	 61.298732	 61.770299	 1.167841	 38.701268	 38.229701	 -0.377718	 23.094618	 23.146122	 46.014759	 0.653087	 0.649522	 0.498261	 0.155696	 0.503435	 0.146087	 0.799609	 0.805217	 
25.000000	 8.513970	 526.683742	 483.232665	 1.293156	 61.664789	 60.850405	 -2.196647	 38.335211	 39.149595	 -0.314550	 22.501360	 22.505716	 46.250280	 0.653478	 0.644783	 0.508261	 0.145217	 0.497826	 0.146957	 0.800435	 0.790000	 
25.000000	 6.056292	 522.622728	 490.809334	 0.012978	 61.081679	 61.101173	 -0.214672	 38.918321	 38.898827	 -0.030896	 22.105185	 22.186515	 46.064460	 0.650870	 0.650435	 0.507826	 0.143478	 0.507826	 0.142609	 0.796087	 0.793913	 
25.000000	 8.562107	 527.570092	 483.565958	 0.693882	 61.140035	 60.697382	 -1.213012	 38.859965	 39.302618	 -0.748187	 21.993602	 21.960073	 46.256218	 0.658261	 0.640000	 0.510000	 0.147826	 0.502609	 0.137391	 0.798182	 0.787826	 
25.000000	 8.432678	 525.697665	 482.289401	 -0.274971	 61.286314	 61.286472	 0.345331	 38.713686	 38.713528	 -0.280096	 22.692464	 22.704583	 46.300722	 0.656667	 0.641250	 0.500417	 0.156667	 0.502917	 0.138333	 0.795000	 0.793043	 
25.000000	 9.921420	 534.714854	 483.214983	 -0.212780	 60.933580	 61.058864	 0.303646	 39.066420	 38.941136	 -0.187079	 21.961703	 21.948801	 46.125989	 0.651304	 0.651304	 0.506957	 0.143913	 0.509174	 0.142130	 0.793000	 0.795217	 
25.000000	 9.286795	 530.335162	 485.024182	 0.561903	 61.378853	 61.043475	 -0.965370	 38.621147	 38.956525	 -1.300638	 22.275126	 22.276471	 46.213418	 0.658636	 0.640909	 0.506522	 0.152273	 0.503636	 0.136957	 0.794091	 0.794348	 
25.000000	 2.333979	 515.277605	 502.199196	 0.488058	 61.334656	 61.025967	 -0.836788	 38.665344	 38.974033	 -0.160048	 22.396725	 22.422496	 46.027758	 0.656957	 0.645217	 0.507826	 0.150000	 0.503043	 0.142174	 0.800000	 0.795217	 
0.000000	 1.859204	 507.001379	 497.152149	 -0.234485	 62.389692	 62.522528	 0.293526	 37.610308	 37.477472	 0.133824	 24.865191	 24.812656	 46.793594	 0.642174	 0.644348	 0.481304	 0.158696	 0.484348	 0.160000	 0.800435	 0.803043	 
0.000000	 1.136988	 499.031235	 493.310856	 0.064137	 62.256506	 62.198521	 -0.236198	 37.743494	 37.801479	 -0.617601	 24.485055	 24.554438	 47.281796	 0.637542	 0.629125	 0.479583	 0.160042	 0.477458	 0.151667	 0.790875	 0.789167	 
0.000000	 1.062702	 503.345787	 498.160599	 0.830662	 62.848401	 62.316302	 -1.477156	 37.151599	 37.683698	 0.137284	 25.190007	 25.104539	 47.145995	 0.642174	 0.632174	 0.480000	 0.161304	 0.473913	 0.158261	 0.800870	 0.793478	 
0.000000	 1.585753	 507.216471	 498.490341	 0.439461	 62.670496	 62.381090	 -0.840782	 37.329504	 37.618910	 -0.428263	 25.007950	 25.057223	 46.805346	 0.647917	 0.636667	 0.482917	 0.164167	 0.479167	 0.157500	 0.803750	 0.800833	 
0.000000	 1.793532	 503.463683	 493.979698	 -0.201170	 62.601068	 62.709661	 0.213671	 37.398932	 37.290339	 -0.093485	 25.334751	 25.327330	 46.731103	 0.642652	 0.640826	 0.479130	 0.164826	 0.480391	 0.160435	 0.804826	 0.805652	 
0.000000	 -0.507344	 505.018306	 507.556950	 -0.084690	 62.323143	 62.362251	 0.043318	 37.676857	 37.637749	 -0.191555	 24.723265	 24.746902	 46.092336	 0.650435	 0.650000	 0.490000	 0.161739	 0.489565	 0.160435	 0.812174	 0.811739	 
0.000000	 3.108872	 522.342825	 505.329688	 -0.321679	 62.193305	 62.378625	 0.426525	 37.806695	 37.621375	 0.182414	 24.605964	 24.560864	 45.255707	 0.668261	 0.658261	 0.498696	 0.168696	 0.501304	 0.156957	 0.825217	 0.826957	 
0.000000	 0.769473	 501.479149	 496.585865	 0.542470	 62.150881	 61.795806	 -1.013462	 37.849119	 38.204194	 -0.393328	 23.901986	 23.968071	 47.401433	 0.641739	 0.629130	 0.485217	 0.156087	 0.480435	 0.148696	 0.788696	 0.785217	 
0.000000	 2.524439	 512.690939	 498.897165	 -0.244560	 62.186622	 62.305524	 0.171152	 37.813378	 37.694476	 -0.459415	 24.424149	 24.496849	 46.270130	 0.656478	 0.645696	 0.490391	 0.164783	 0.491739	 0.153957	 0.807826	 0.810478	 
0.000000	 -1.470250	 504.730717	 510.636257	 -0.658638	 62.045586	 62.442786	 0.997633	 37.954414	 37.557214	 0.157429	 24.664788	 24.430080	 46.092923	 0.650909	 0.651364	 0.489091	 0.161818	 0.495000	 0.156364	 0.808636	 0.813182	 
