Perturbaton	 Ratio_StepLength(%)	 StepLength_R(cm)	 StepLegnth_L(cm)	 Ratio_StancePhase(%)	 StancePhase_R(%)	 StancePhase_L(%)	 Ratio_SwingPhase(%)	 SwingPhase_R(%)	 SwingPhase_L(%)	 Ratio_DoubleLimbS(%)	 doublelimbS_R(%)	 doublelimbS_L(%)	 Cadence(step/min)	 RTO-LTO(s)	 LTO-RTO(s)	 L swing duration(s)	 R double limb duration(s)	 R swing duration(s)	 L double limb duration(s)	 R stance duration(s)	 L stance duration(s)	 
0.000000	 -0.618855	 468.118397	 472.002253	 1.152045	 63.432232	 62.702300	 -1.992712	 36.567768	 37.297700	 -0.122763	 26.143540	 26.155039	 45.075214	 0.666818	 0.665455	 0.496364	 0.169091	 0.486364	 0.179091	 0.844545	 0.834545	 
0.000000	 -2.388793	 469.279896	 480.295094	 1.201609	 63.458720	 62.803110	 -2.072492	 36.541280	 37.196890	 -0.125862	 26.274638	 26.279202	 44.538893	 0.672727	 0.672727	 0.500909	 0.173182	 0.491818	 0.180909	 0.855000	 0.845909	 
0.000000	 -0.204026	 476.446540	 477.186632	 0.974979	 63.513586	 62.892665	 -1.710617	 36.486414	 37.107335	 -0.296216	 26.392312	 26.453614	 44.227317	 0.678182	 0.679091	 0.503636	 0.174545	 0.494545	 0.184545	 0.861818	 0.853636	 
0.000000	 -1.508049	 474.372918	 481.312931	 1.270430	 63.580605	 62.775834	 -2.196079	 36.419395	 37.224166	 0.197264	 26.355496	 26.287738	 44.271658	 0.679091	 0.676364	 0.504545	 0.174545	 0.494545	 0.181818	 0.861818	 0.850909	 
0.000000	 -2.656465	 475.348537	 487.967589	 1.391551	 63.708076	 62.822823	 -2.433357	 36.291924	 37.177177	 -0.274549	 26.517534	 26.577156	 43.874136	 0.681818	 0.685909	 0.508636	 0.173636	 0.495909	 0.190000	 0.871364	 0.859545	 
0.000000	 -3.880391	 478.573137	 497.000019	 1.321082	 63.834406	 62.990772	 -2.335060	 36.165594	 37.009228	 -0.053746	 26.845691	 26.835166	 43.286955	 0.686364	 0.698182	 0.512727	 0.174545	 0.500909	 0.197273	 0.885000	 0.872727	 
0.000000	 -0.684236	 487.460686	 490.530622	 1.850165	 64.032204	 62.854096	 -3.244021	 35.967796	 37.145904	 0.203996	 26.886982	 26.820221	 43.128896	 0.700909	 0.691364	 0.516818	 0.183182	 0.501364	 0.190000	 0.890909	 0.874545	 
0.000000	 1.088181	 494.405603	 488.962604	 1.979402	 64.003012	 62.742922	 -3.468327	 35.996988	 37.257078	 -0.125779	 26.784771	 26.806289	 42.835017	 0.705714	 0.692857	 0.521429	 0.185238	 0.502857	 0.190000	 0.896667	 0.878095	 
25.000000	 -2.169911	 508.459456	 515.670970	 2.097429	 62.572634	 61.400329	 -3.517389	 37.427366	 38.599671	 -1.692912	 23.537169	 24.037681	 39.914569	 0.751500	 0.745789	 0.584000	 0.169500	 0.561579	 0.182000	 0.934500	 0.924000	 
25.000000	 -4.241298	 500.405306	 520.700216	 3.418674	 63.132019	 61.014517	 -5.611156	 36.867981	 38.985483	 -0.154917	 23.764636	 23.611103	 40.758162	 0.755500	 0.718500	 0.583000	 0.171500	 0.542500	 0.176000	 0.930000	 0.890000	 
25.000000	 0.761415	 510.414011	 508.162557	 4.013933	 62.970191	 60.367370	 -6.645452	 37.029809	 39.632630	 -0.061674	 23.025587	 23.005492	 41.022570	 0.752857	 0.711905	 0.584762	 0.168095	 0.542857	 0.169048	 0.921905	 0.880000	 
25.000000	 3.090724	 492.909440	 477.378961	 1.640991	 62.461433	 61.434539	 -2.744727	 37.538567	 38.565461	 -0.176059	 23.936310	 23.922865	 43.242008	 0.703333	 0.683333	 0.534762	 0.168571	 0.520000	 0.163333	 0.867143	 0.851905	 
25.000000	 1.056491	 495.447933	 489.864886	 0.023776	 61.843429	 61.815934	 -0.127825	 38.156571	 38.184066	 0.044271	 23.656550	 23.625612	 42.798940	 0.702727	 0.700000	 0.535455	 0.166818	 0.535455	 0.164545	 0.867273	 0.866818	 
25.000000	 1.133435	 491.463914	 485.777476	 0.856373	 62.151797	 61.617116	 -1.423195	 37.848203	 38.382884	 -0.329700	 23.754412	 23.815427	 43.200578	 0.699524	 0.690476	 0.533333	 0.165714	 0.525238	 0.165238	 0.863333	 0.856190	 
25.000000	 0.501528	 495.506328	 492.655420	 1.208578	 62.687648	 61.928706	 -2.039873	 37.312352	 38.071294	 -0.143990	 24.600749	 24.593600	 42.684407	 0.710000	 0.696364	 0.535455	 0.174545	 0.525000	 0.171364	 0.881364	 0.870909	 
25.000000	 0.276831	 492.671499	 490.842666	 0.423171	 62.423717	 62.155557	 -0.731606	 37.576283	 37.844443	 0.160450	 24.639889	 24.579408	 42.779556	 0.699048	 0.700952	 0.530000	 0.169524	 0.526190	 0.174762	 0.875714	 0.870476	 
25.000000	 -1.308167	 488.147018	 494.222850	 0.714844	 62.267184	 61.822974	 -1.173634	 37.732816	 38.177026	 -0.467033	 24.041992	 24.139523	 42.917005	 0.702727	 0.696818	 0.534545	 0.169091	 0.527727	 0.169091	 0.870909	 0.865909	 
25.000000	 -0.262462	 493.952313	 494.623266	 1.453456	 62.853274	 61.940737	 -2.452504	 37.146726	 38.059263	 0.278036	 24.819651	 24.731921	 42.790345	 0.709048	 0.693810	 0.533333	 0.174286	 0.521429	 0.172381	 0.881429	 0.868095	 
25.000000	 -2.195832	 488.960140	 499.706762	 0.869464	 62.213488	 61.673665	 -1.424179	 37.786512	 38.326335	 -0.432139	 23.846492	 23.922297	 42.705817	 0.703810	 0.701905	 0.539048	 0.165714	 0.530952	 0.170952	 0.874286	 0.867619	 
25.000000	 -1.744043	 484.409913	 492.564553	 0.027344	 62.298648	 62.277790	 -0.072355	 37.701352	 37.722210	 0.093221	 24.562667	 24.521659	 43.128252	 0.691364	 0.701364	 0.525000	 0.165455	 0.525455	 0.175909	 0.866818	 0.866818	 
25.000000	 -1.797045	 493.535666	 502.333855	 -0.540816	 61.993850	 62.321597	 0.828990	 38.006150	 37.678403	 0.129457	 24.354478	 24.306701	 42.463873	 0.703333	 0.708571	 0.531905	 0.171429	 0.536667	 0.171905	 0.876190	 0.880000	 
25.000000	 -0.962867	 481.284181	 485.677103	 -0.399794	 61.885519	 62.126776	 0.606999	 38.114481	 37.873224	 -0.229646	 24.035254	 24.055464	 43.300800	 0.695864	 0.688227	 0.524500	 0.172273	 0.527273	 0.160955	 0.857727	 0.860500	 
0.000000	 0.717577	 494.022246	 490.100676	 1.039420	 63.139875	 62.482485	 -1.789317	 36.860125	 37.517515	 0.025387	 25.559017	 25.546749	 42.898724	 0.709048	 0.693810	 0.525714	 0.181905	 0.517619	 0.176190	 0.883333	 0.875714	 
0.000000	 -1.425293	 487.923354	 494.796863	 1.799263	 63.534008	 62.399840	 -3.068698	 36.465992	 37.600160	 0.141274	 25.957241	 25.910208	 43.057006	 0.704091	 0.688636	 0.523636	 0.180455	 0.508182	 0.180455	 0.885455	 0.869091	 
0.000000	 -0.177890	 489.130343	 489.599599	 2.148008	 63.785839	 62.424718	 -3.717636	 36.214161	 37.575282	 -0.181296	 26.233377	 26.255442	 43.174792	 0.706667	 0.682381	 0.521905	 0.184762	 0.502381	 0.180000	 0.886667	 0.867143	 
0.000000	 -1.099085	 492.905361	 498.086824	 1.669595	 63.755710	 62.693777	 -2.918914	 36.244290	 37.306223	 -0.247924	 26.413027	 26.451694	 42.688267	 0.712682	 0.694591	 0.524955	 0.187727	 0.510000	 0.184591	 0.896364	 0.882318	 
0.000000	 -0.942449	 489.268986	 493.663999	 1.720135	 63.614838	 62.526385	 -2.965030	 36.385162	 37.473615	 0.072295	 26.167851	 26.148741	 42.897632	 0.702381	 0.695714	 0.523810	 0.178571	 0.508571	 0.187143	 0.890000	 0.874286	 
0.000000	 -1.650097	 492.199669	 500.352324	 1.092418	 63.021227	 62.324857	 -1.920784	 36.978773	 37.675143	 -0.180763	 25.327829	 25.360429	 42.518483	 0.706190	 0.704762	 0.531905	 0.175238	 0.521905	 0.182857	 0.889524	 0.880000	 
0.000000	 -1.537557	 494.471938	 501.856660	 1.357946	 63.589602	 62.730709	 -2.337381	 36.410398	 37.269291	 0.074083	 26.331897	 26.306522	 42.332012	 0.713857	 0.703762	 0.529000	 0.185286	 0.516143	 0.187619	 0.901476	 0.889048	 
0.000000	 -1.217466	 493.588383	 499.357029	 2.219430	 63.786307	 62.382226	 -3.823444	 36.213693	 37.617774	 -0.097513	 26.152823	 26.149195	 42.531736	 0.715455	 0.696364	 0.530909	 0.184091	 0.511364	 0.185000	 0.897619	 0.880455	 
0.000000	 -1.245513	 493.056998	 499.105079	 2.201927	 63.761750	 62.366916	 -3.807304	 36.238250	 37.633084	 -0.023608	 26.101685	 26.086057	 42.559717	 0.712381	 0.698095	 0.530952	 0.181905	 0.511905	 0.186190	 0.899048	 0.880000	 
0.000000	 -2.423836	 481.284709	 492.755292	 2.929712	 63.709915	 61.867194	 -4.967993	 36.290085	 38.132806	 -0.104201	 25.548913	 25.564362	 43.086539	 0.708000	 0.687000	 0.531500	 0.175500	 0.506000	 0.181000	 0.887500	 0.862500	 
