Perturbaton	 Ratio_StepLength(%)	 StepLength_R(cm)	 StepLegnth_L(cm)	 Ratio_StancePhase(%)	 StancePhase_R(%)	 StancePhase_L(%)	 Ratio_SwingPhase(%)	 SwingPhase_R(%)	 SwingPhase_L(%)	 Ratio_DoubleLimbS(%)	 doublelimbS_R(%)	 doublelimbS_L(%)	 Cadence(step/min)	 RTO-LTO(s)	 LTO-RTO(s)	 L swing duration(s)	 R double limb duration(s)	 R swing duration(s)	 L double limb duration(s)	 R stance duration(s)	 L stance duration(s)	 
0.000000	 15.292435	 552.745719	 473.841070	 0.226903	 61.208886	 61.051806	 -0.440276	 38.791114	 38.948194	 -0.357909	 22.159088	 22.214130	 45.580155	 0.669048	 0.646190	 0.512381	 0.157143	 0.510952	 0.135238	 0.804286	 0.803333	 
0.000000	 15.855970	 557.656295	 475.346377	 0.056375	 61.398236	 61.350744	 -0.174784	 38.601764	 38.649256	 -0.085415	 22.734168	 22.725967	 45.008015	 0.675217	 0.659565	 0.515652	 0.159130	 0.515217	 0.144348	 0.819130	 0.818696	 
0.000000	 14.748315	 552.316404	 475.962753	 -0.495229	 61.321712	 61.606790	 0.658820	 38.678288	 38.393210	 0.189991	 22.977613	 22.913136	 45.394212	 0.664783	 0.656522	 0.506957	 0.156957	 0.510870	 0.145652	 0.810870	 0.813478	 
0.000000	 16.857373	 551.138559	 465.325443	 -0.306122	 61.349672	 61.521179	 0.377846	 38.650328	 38.478821	 -0.260390	 22.846035	 22.867171	 45.986824	 0.660043	 0.645174	 0.502609	 0.158304	 0.504739	 0.140435	 0.800913	 0.803478	 
0.000000	 17.473808	 556.917233	 467.137422	 0.267789	 61.427735	 61.255246	 -0.480432	 38.572265	 38.744754	 -0.197178	 22.720381	 22.745132	 45.558938	 0.665455	 0.650000	 0.510000	 0.156364	 0.506818	 0.143182	 0.809545	 0.806364	 
0.000000	 15.899417	 559.803120	 477.104139	 0.152320	 61.283800	 61.182398	 -0.295897	 38.716200	 38.817602	 0.042144	 22.438494	 22.395038	 45.169515	 0.675652	 0.655217	 0.516087	 0.158261	 0.515652	 0.139565	 0.814348	 0.813478	 
0.000000	 15.312514	 557.392754	 477.531233	 -0.445908	 61.098065	 61.358087	 0.618665	 38.901935	 38.641913	 -0.751843	 22.438575	 22.574465	 44.852668	 0.671364	 0.665909	 0.517273	 0.155455	 0.519091	 0.146818	 0.817727	 0.821364	 
0.000000	 12.680071	 562.417436	 494.897840	 -0.273889	 61.374489	 61.423191	 0.329183	 38.625511	 38.576809	 0.196883	 22.923617	 22.841501	 43.886243	 0.683636	 0.683636	 0.525909	 0.157273	 0.528636	 0.155000	 0.839545	 0.840909	 
25.000000	 14.593510	 551.037031	 473.638576	 0.988184	 61.579806	 61.102003	 -1.701084	 38.420194	 38.897997	 0.634227	 23.044176	 22.744153	 45.631890	 0.662174	 0.647826	 0.510455	 0.155217	 0.510909	 0.142609	 0.804783	 0.803043	 
25.000000	 13.478971	 550.394001	 481.209067	 1.438464	 61.893085	 60.967645	 -2.398115	 38.106915	 39.032355	 0.872934	 23.076438	 22.979017	 45.633921	 0.682609	 0.633913	 0.513043	 0.168261	 0.495652	 0.138261	 0.819565	 0.807727	 
25.000000	 15.557385	 553.828516	 473.286798	 1.779954	 62.068990	 60.963522	 -2.917536	 37.931010	 39.036478	 -0.433160	 23.034997	 23.097900	 45.123742	 0.688261	 0.641304	 0.519565	 0.170000	 0.503913	 0.137391	 0.826087	 0.811304	 
25.000000	 15.737635	 555.473942	 472.489466	 2.358585	 61.870439	 60.284427	 -3.755077	 38.129561	 39.715573	 0.361752	 21.844384	 21.741512	 45.479063	 0.685455	 0.631818	 0.528182	 0.158182	 0.503182	 0.128636	 0.816818	 0.790000	 
25.000000	 15.970591	 558.602794	 475.630277	 0.319958	 61.323405	 61.117915	 -0.568364	 38.676595	 38.882085	 -0.299434	 22.417650	 22.463715	 45.052316	 0.676087	 0.656957	 0.518261	 0.155909	 0.515217	 0.141739	 0.816957	 0.814783	 
25.000000	 14.911782	 566.022184	 486.506887	 1.210189	 61.833649	 61.076903	 -2.018440	 38.166351	 38.923097	 0.453845	 22.914444	 22.641179	 44.173727	 0.691364	 0.671364	 0.530455	 0.160909	 0.520455	 0.150909	 0.842727	 0.832273	 
25.000000	 13.416225	 563.723043	 492.398865	 0.297943	 61.666411	 61.471955	 -0.552095	 38.333589	 38.528045	 -0.833648	 23.100421	 23.209130	 44.125972	 0.687273	 0.674091	 0.524545	 0.163182	 0.520909	 0.153182	 0.839091	 0.837273	 
25.000000	 14.951097	 567.760352	 488.512373	 0.983540	 61.843614	 61.231759	 -1.618922	 38.156386	 38.768241	 -0.008465	 23.045012	 23.031472	 44.159723	 0.689091	 0.670000	 0.527273	 0.160455	 0.519545	 0.153182	 0.840909	 0.833182	 
25.000000	 11.401925	 560.678094	 496.544198	 2.347489	 62.450788	 61.067257	 -3.898024	 37.549212	 38.932743	 -0.792776	 23.212635	 23.499654	 42.756924	 0.708095	 0.697143	 0.547143	 0.162381	 0.531429	 0.165714	 0.875238	 0.859524	 
25.000000	 13.578738	 570.559697	 498.798001	 1.468314	 62.346264	 61.427849	 -1.943319	 37.653736	 38.572151	 0.066128	 23.684228	 23.523463	 43.588405	 0.688095	 0.688182	 0.532727	 0.160000	 0.520909	 0.167273	 0.859091	 0.848182	 
25.000000	 11.958927	 556.272716	 492.949473	 0.480051	 61.822165	 61.516599	 -0.837455	 38.177835	 38.483401	 0.040224	 23.343478	 23.302732	 44.367688	 0.684091	 0.669545	 0.520455	 0.162727	 0.516818	 0.152727	 0.836364	 0.832273	 
25.000000	 12.271877	 561.702497	 496.508649	 1.710864	 62.399830	 61.360011	 -2.858104	 37.600170	 38.639989	 0.459134	 23.894891	 23.670945	 44.168280	 0.690455	 0.669545	 0.523182	 0.166818	 0.511818	 0.157727	 0.848182	 0.836364	 
25.000000	 16.757879	 567.020217	 478.924141	 3.360181	 62.332837	 60.262623	 -5.397821	 37.667163	 39.737377	 -0.188198	 22.637503	 22.653800	 44.510844	 0.682174	 0.663478	 0.535217	 0.148261	 0.506522	 0.156957	 0.840435	 0.811739	 
25.000000	 12.624835	 566.317845	 498.745966	 1.838263	 61.845072	 60.704880	 -2.443456	 38.154928	 39.295120	 -0.174021	 22.557977	 22.573457	 43.594608	 0.692857	 0.684286	 0.538000	 0.151429	 0.524810	 0.159476	 0.851857	 0.835714	 
0.000000	 14.512717	 560.161101	 483.948054	 0.574351	 61.499688	 61.135402	 -0.992872	 38.500312	 38.864598	 0.033892	 22.614424	 22.588596	 44.547976	 0.679565	 0.668261	 0.523913	 0.156087	 0.519565	 0.148696	 0.828696	 0.824348	 
0.000000	 13.552624	 555.165686	 483.150055	 0.106840	 61.525771	 61.442020	 -0.291327	 38.474229	 38.557980	 0.175134	 23.022663	 22.950674	 45.094834	 0.669545	 0.661364	 0.512727	 0.155909	 0.511818	 0.149545	 0.819545	 0.817273	 
0.000000	 13.725442	 557.599558	 485.700136	 0.197921	 61.813961	 61.676439	 -0.423457	 38.186039	 38.323561	 -0.218740	 23.462099	 23.488575	 44.733432	 0.678636	 0.666667	 0.516190	 0.164091	 0.512727	 0.151364	 0.829545	 0.828182	 
0.000000	 16.054352	 565.676706	 480.733816	 1.065855	 62.008583	 61.285630	 -1.811454	 37.991417	 38.714370	 0.319178	 23.345776	 23.125269	 44.480051	 0.682174	 0.663182	 0.522174	 0.160435	 0.512727	 0.151739	 0.834783	 0.826957	 
0.000000	 12.266702	 552.697386	 488.652883	 0.270955	 61.845921	 61.663835	 -0.539873	 38.154079	 38.336165	 -0.636430	 23.467708	 23.584391	 44.502689	 0.679048	 0.667727	 0.517727	 0.165000	 0.514091	 0.153636	 0.834545	 0.832727	 
0.000000	 14.326073	 559.160883	 484.241398	 -0.169802	 61.452834	 61.546338	 0.199575	 38.547166	 38.453662	 0.287323	 23.007191	 22.911867	 44.808016	 0.674545	 0.665909	 0.515000	 0.158182	 0.517273	 0.148636	 0.823182	 0.824091	 
0.000000	 13.469013	 561.841447	 490.699708	 0.125959	 61.877916	 61.731005	 -0.281984	 38.122084	 38.268995	 -0.057689	 23.477246	 23.476212	 44.181216	 0.684762	 0.672273	 0.520476	 0.166818	 0.519091	 0.153182	 0.844545	 0.839091	 
0.000000	 13.807481	 560.497567	 487.723891	 0.685954	 62.042038	 61.362053	 -1.166643	 37.957962	 38.637947	 -0.000728	 23.404946	 23.364121	 44.318770	 0.680000	 0.669545	 0.523636	 0.161818	 0.514545	 0.155000	 0.835714	 0.831364	 
0.000000	 14.323123	 558.400571	 483.187561	 1.247276	 61.916039	 61.256532	 -2.124887	 38.083961	 38.743468	 0.203181	 23.176744	 23.030790	 44.663388	 0.683043	 0.664348	 0.523478	 0.159130	 0.513043	 0.151304	 0.832609	 0.823478	 
0.000000	 11.877937	 555.450664	 492.738123	 1.207203	 62.059574	 61.301527	 -2.035904	 37.940426	 38.698473	 0.314830	 23.417276	 23.184565	 44.255189	 0.681500	 0.673500	 0.524000	 0.157000	 0.513000	 0.160500	 0.842000	 0.830500	 
