Perturbaton	 Ratio_StepLength(%)	 StepLength_R(cm)	 StepLegnth_L(cm)	 Ratio_StancePhase(%)	 StancePhase_R(%)	 StancePhase_L(%)	 Ratio_SwingPhase(%)	 SwingPhase_R(%)	 SwingPhase_L(%)	 Ratio_DoubleLimbS(%)	 doublelimbS_R(%)	 doublelimbS_L(%)	 Cadence(step/min)	 RTO-LTO(s)	 LTO-RTO(s)	 L swing duration(s)	 R double limb duration(s)	 R swing duration(s)	 L double limb duration(s)	 R stance duration(s)	 L stance duration(s)	 
0.000000	 1.467412	 513.102366	 504.895486	 0.037968	 61.995762	 61.956252	 -0.173183	 38.004238	 38.043748	 -0.054508	 24.027934	 24.014280	 46.208926	 0.648182	 0.646364	 0.493182	 0.156818	 0.491818	 0.154545	 0.805455	 0.803182	 
0.000000	 2.961267	 521.046377	 505.653380	 0.181150	 62.515968	 62.394050	 -0.365085	 37.484032	 37.605950	 -0.368667	 24.862660	 24.923200	 45.585025	 0.660435	 0.658261	 0.495652	 0.164348	 0.493913	 0.164348	 0.823043	 0.822609	 
0.000000	 4.107705	 530.391004	 508.822861	 1.216007	 62.845716	 62.073193	 -2.116144	 37.154284	 37.926807	 0.515029	 24.940853	 24.790633	 44.883820	 0.675000	 0.661364	 0.506818	 0.168182	 0.498182	 0.163182	 0.840455	 0.829545	 
0.000000	 3.085774	 523.858954	 507.203487	 0.268672	 62.749264	 62.572780	 -0.509233	 37.250736	 37.427220	 -0.540789	 25.304181	 25.403622	 45.348071	 0.668261	 0.656087	 0.495652	 0.172609	 0.492174	 0.163913	 0.830870	 0.828696	 
0.000000	 5.347537	 528.959237	 500.938080	 0.870992	 62.944771	 62.381706	 -1.589344	 37.055229	 37.618294	 -0.036204	 25.306174	 25.270453	 45.430348	 0.666190	 0.652273	 0.497273	 0.169524	 0.490455	 0.161818	 0.831818	 0.824545	 
0.000000	 4.135075	 523.904339	 502.382793	 -0.295367	 62.428913	 62.605279	 0.432900	 37.571087	 37.394721	 -0.361757	 25.049123	 25.121670	 45.500140	 0.655652	 0.662609	 0.493043	 0.163043	 0.494348	 0.168261	 0.823478	 0.825652	 
0.000000	 3.968353	 522.762277	 502.123323	 -0.180019	 62.654618	 62.746781	 0.155437	 37.345382	 37.253219	 0.110945	 25.374614	 25.329999	 45.549647	 0.656957	 0.661739	 0.491304	 0.165652	 0.493478	 0.168261	 0.825652	 0.827391	 
0.000000	 3.840753	 529.643291	 509.240637	 -0.748501	 62.459355	 62.725139	 1.184023	 37.540645	 37.274861	 -0.119276	 25.220564	 25.217443	 44.899596	 0.667727	 0.667727	 0.497727	 0.170000	 0.500909	 0.166818	 0.835000	 0.837727	 
25.000000	 7.153241	 534.590206	 498.048950	 -0.250314	 61.404850	 61.547632	 0.324235	 38.595150	 38.452368	 -0.374225	 22.715192	 22.786490	 45.497786	 0.657391	 0.662174	 0.507391	 0.150435	 0.508261	 0.150000	 0.810870	 0.812609	 
25.000000	 6.014284	 538.174026	 508.488845	 -0.187430	 61.301507	 61.474318	 0.239383	 38.698493	 38.525682	 0.778908	 22.642738	 22.380096	 45.268634	 0.671304	 0.656087	 0.511304	 0.160435	 0.516818	 0.134783	 0.806957	 0.816522	 
25.000000	 9.968880	 546.837450	 494.562515	 0.020084	 61.478627	 61.441372	 -0.202533	 38.521373	 38.558628	 -0.924451	 22.853354	 22.987816	 45.122745	 0.673182	 0.659545	 0.513636	 0.159091	 0.512273	 0.147273	 0.817727	 0.818636	 
25.000000	 7.093173	 539.951393	 502.260022	 0.314191	 61.529570	 61.246138	 -0.549186	 38.470430	 38.753862	 0.067721	 22.895323	 22.852785	 45.037405	 0.670870	 0.660000	 0.514783	 0.156522	 0.512174	 0.147826	 0.820000	 0.816522	 
25.000000	 4.932931	 535.751481	 509.588088	 0.323023	 61.448340	 61.236159	 -0.608378	 38.551660	 38.763841	 0.059565	 22.653274	 22.574274	 45.051213	 0.674091	 0.660000	 0.516818	 0.156818	 0.515455	 0.144545	 0.819091	 0.816818	 
25.000000	 4.157703	 529.545255	 507.310589	 0.128555	 61.316286	 61.220426	 -0.316700	 38.683714	 38.779574	 -1.432248	 22.575605	 22.967007	 45.360701	 0.659130	 0.663043	 0.512609	 0.146522	 0.510435	 0.152609	 0.811739	 0.809565	 
25.000000	 3.732442	 531.729848	 511.952880	 1.539358	 61.942197	 60.986520	 -2.520594	 38.057803	 39.013480	 -0.283524	 22.939174	 22.948653	 45.124407	 0.674348	 0.654348	 0.518696	 0.156522	 0.505652	 0.148696	 0.823913	 0.810870	 
25.000000	 3.049407	 527.795013	 510.874258	 1.572869	 61.939164	 60.959333	 -2.597144	 38.060836	 39.040667	 -0.436378	 22.858041	 22.938177	 45.060973	 0.672273	 0.661818	 0.520455	 0.150909	 0.506818	 0.155000	 0.825000	 0.812727	 
25.000000	 2.195476	 523.386411	 511.457899	 0.720189	 62.031408	 61.582863	 -1.252932	 37.968592	 38.417137	 0.001570	 23.496296	 23.468619	 45.202968	 0.669565	 0.659565	 0.511739	 0.156957	 0.504783	 0.154783	 0.823913	 0.816522	 
25.000000	 4.378617	 533.393238	 509.472796	 0.889591	 61.889465	 61.331109	 -1.497307	 38.110535	 38.668891	 -0.037190	 23.230653	 23.172026	 45.184048	 0.665455	 0.662273	 0.513636	 0.152727	 0.506818	 0.155455	 0.822727	 0.815000	 
25.000000	 1.775716	 523.436675	 513.941745	 1.168079	 62.187890	 61.456397	 -1.957749	 37.812110	 38.543603	 -0.615236	 23.593774	 23.702246	 45.245537	 0.669565	 0.663182	 0.512174	 0.156522	 0.504091	 0.158696	 0.825652	 0.816957	 
25.000000	 3.667182	 528.862585	 508.868053	 -0.432791	 61.555359	 61.577046	 0.636233	 38.444641	 38.422954	 0.191613	 23.060672	 22.994738	 45.135494	 0.659091	 0.669091	 0.511818	 0.146818	 0.510455	 0.158636	 0.818636	 0.815909	 
25.000000	 4.380106	 536.639763	 512.833475	 -0.056185	 61.649926	 61.672791	 0.011076	 38.350074	 38.327209	 0.229254	 23.326024	 23.258031	 45.074643	 0.656087	 0.674348	 0.510435	 0.147391	 0.511739	 0.162609	 0.821304	 0.821739	 
25.000000	 7.925300	 544.184424	 501.640121	 1.236136	 62.111344	 61.315552	 -2.063613	 37.888656	 38.684448	 -0.591149	 23.226794	 23.314755	 45.140113	 0.673636	 0.658636	 0.515000	 0.158182	 0.505909	 0.152727	 0.824545	 0.816818	 
0.000000	 4.826609	 535.151245	 509.351604	 -0.188987	 62.311287	 62.417804	 0.234089	 37.688713	 37.582196	 0.106974	 24.764216	 24.722644	 44.860743	 0.669130	 0.667391	 0.502609	 0.167391	 0.503913	 0.161364	 0.834348	 0.834783	 
0.000000	 2.088329	 539.232409	 527.604455	 0.710273	 62.899307	 62.447431	 -1.242089	 37.100693	 37.552569	 0.028665	 25.292727	 25.258016	 43.547472	 0.692273	 0.687727	 0.518182	 0.174091	 0.513182	 0.174545	 0.866818	 0.861818	 
0.000000	 1.523765	 534.363836	 525.413472	 -0.411264	 62.088804	 62.328210	 0.560331	 37.911196	 37.671790	 -0.494330	 24.491858	 24.546529	 43.686367	 0.683810	 0.688095	 0.516667	 0.167143	 0.518095	 0.170000	 0.853810	 0.855238	 
0.000000	 2.851425	 517.545426	 502.172215	 0.338190	 62.924331	 62.699781	 -0.664483	 37.075669	 37.300219	 0.468940	 25.691434	 25.469674	 46.001747	 0.656087	 0.652609	 0.486522	 0.168696	 0.486087	 0.166522	 0.822174	 0.821304	 
0.000000	 1.622016	 524.997176	 515.988772	 1.095823	 62.932421	 62.235636	 -1.910259	 37.067579	 37.764364	 -0.376010	 25.183974	 25.224974	 44.892465	 0.672609	 0.663043	 0.504783	 0.169130	 0.494783	 0.168261	 0.841739	 0.832174	 
0.000000	 3.671140	 521.040550	 501.860723	 1.165565	 63.058125	 62.310210	 -2.084241	 36.941875	 37.689790	 -0.040466	 25.326440	 25.311886	 45.617575	 0.661739	 0.657826	 0.496522	 0.163043	 0.487391	 0.170435	 0.830000	 0.820870	 
0.000000	 -0.913188	 505.860218	 509.267394	 -0.108073	 62.244131	 62.301728	 0.111534	 37.755869	 37.698272	 -0.598838	 24.492253	 24.596887	 46.661704	 0.642609	 0.645217	 0.485652	 0.157391	 0.485652	 0.159565	 0.800870	 0.802609	 
0.000000	 1.324457	 518.571394	 511.163344	 0.549694	 62.408954	 62.057452	 -0.972740	 37.591046	 37.942548	 0.286309	 24.542161	 24.451602	 45.053318	 0.665455	 0.664545	 0.504545	 0.160909	 0.500000	 0.164545	 0.831818	 0.825455	 
0.000000	 1.503676	 518.546653	 510.029017	 0.144848	 62.336612	 62.237771	 -0.300390	 37.663388	 37.762229	 0.073088	 24.560201	 24.518456	 45.567848	 0.659609	 0.659957	 0.498261	 0.160913	 0.497783	 0.162174	 0.821783	 0.820870	 
0.000000	 5.351688	 522.884625	 495.421667	 0.490645	 62.844343	 62.526899	 -0.894907	 37.155657	 37.473101	 -0.419038	 25.399115	 25.481965	 45.786942	 0.662381	 0.648095	 0.491429	 0.171905	 0.485714	 0.162381	 0.824762	 0.820000	 
